0 6
32
970561000 6778548500
970565000 6778548500
970574000 6778548000
970582500 6778547500
970589500 6778547000
970597500 6778543500
970603000 6778540000
970611500 6778535500
970617500 6778531000
970624500 6778528000
970634500 6778528000
970647000 6778525500
970658000 6778521000
970668000 6778513500
970675000 6778505000
970683000 6778497000
970689500 6778489000
970699000 6778479500
970706000 6778471500
970717000 6778462500
970725500 6778457500
970736000 6778452500
970747000 6778446000
970755500 6778440500
970760500 6778437500
970769000 6778434000
970779000 6778429000
970785500 6778422000
970790500 6778423000
970801000 6778424500
970811000 6778423000
970818500 6778419000
0
