0 6
45
969002500 6779109500
969017000 6779114000
969026500 6779120000
969040000 6779127500
969062500 6779140500
969077000 6779148000
969086000 6779153000
969103000 6779156500
969124500 6779157500
969138500 6779159500
969159500 6779159500
969169000 6779156000
969183000 6779152500
969200000 6779147000
969211000 6779143500
969226500 6779143000
969236000 6779145000
969250000 6779151500
969259500 6779158500
969268000 6779169000
969287500 6779192500
969295500 6779208500
969302000 6779223000
969308500 6779237500
969316000 6779247500
969323000 6779259500
969326500 6779271000
969336000 6779299500
969341000 6779317500
969346000 6779332500
969353500 6779350500
969359000 6779369000
969365000 6779381000
969373500 6779398500
969382500 6779413000
969389500 6779421000
969395500 6779426500
969402500 6779434000
969410000 6779440500
969422500 6779449000
969431000 6779457500
969445000 6779468500
969461500 6779483500
969474000 6779493500
969484500 6779499500
0
