0 6
69
969512500 6779286000
969511000 6779275000
969505500 6779263500
969504000 6779256000
969499500 6779243000
969493500 6779223000
969483500 6779183500
969480500 6779175500
969476000 6779157500
969472000 6779138000
969467000 6779106000
969467000 6779087000
969468500 6779059500
969471500 6779033500
969475500 6779006000
969465500 6778992000
969460000 6778979000
969458500 6778974000
969447000 6778956000
969445500 6778947000
969441500 6778934500
969436500 6778926500
969432000 6778919000
969428000 6778913500
969418500 6778911500
969411000 6778908000
969400500 6778902000
969394000 6778898000
969378000 6778885500
969370000 6778877000
969354500 6778865000
969339500 6778856000
969324500 6778847000
969314500 6778842000
969300500 6778834000
969290000 6778826000
969283000 6778815000
969277000 6778799500
969275000 6778779500
969273500 6778767500
969276500 6778747500
969279500 6778731500
969280000 6778719500
969282500 6778706500
969283000 6778689500
969285000 6778670500
969287000 6778652000
969290000 6778634000
969296000 6778609000
969301500 6778580000
969304000 6778566000
969305500 6778549000
969307000 6778533000
969302500 6778524500
969295000 6778509000
969284500 6778489500
969270500 6778465000
969267500 6778459000
969255500 6778446500
969242000 6778433500
969224000 6778409500
969204500 6778384000
969194000 6778368000
969182500 6778348500
969173000 6778334500
969165500 6778315500
969161000 6778307500
969153000 6778298500
969137500 6778281500
0
