0 6
70
970731500 6777895000
970726000 6777901500
970720500 6777909500
970717000 6777915000
970711000 6777923500
970707500 6777929000
970700000 6777936500
970691000 6777944000
970683000 6777951500
970679500 6777957000
970676500 6777970000
970675000 6777983500
970670500 6777994000
970665000 6778002500
970653500 6778016000
970644000 6778029000
970630500 6778042500
970621500 6778057000
970614000 6778071000
970610000 6778081500
970598000 6778095500
970586500 6778111500
970583500 6778128500
970577500 6778147500
970573500 6778155000
970565000 6778166000
970554500 6778178000
970536000 6778203000
970526500 6778218000
970513500 6778237500
970502000 6778253000
970491000 6778270500
970484000 6778282000
970477000 6778293000
970472000 6778307500
970468500 6778323500
970458000 6778337000
970467000 6778330500
970478000 6778327500
970488000 6778324000
970498000 6778320000
970506500 6778313000
970520000 6778306500
970541000 6778303500
970557500 6778299500
970572000 6778298000
970584000 6778296000
970600000 6778296500
970610500 6778298500
970623000 6778300000
970630500 6778302500
970639000 6778312000
970646500 6778320000
970654500 6778321000
970668000 6778318500
970681000 6778318500
970694500 6778324000
970701500 6778332500
970712000 6778339000
970726500 6778341500
970740000 6778337500
970753000 6778332500
970758500 6778327500
970776000 6778327500
970790000 6778328000
970803000 6778326500
970809500 6778327000
970822000 6778328500
970842000 6778333000
970862000 6778336500
0
