0 6
25
969812000 6779382000
969823500 6779379500
969831000 6779374500
969837000 6779369500
969850000 6779359000
969857500 6779351500
969871000 6779338500
969878500 6779330500
969890000 6779322000
969901000 6779315000
969910500 6779313500
969916000 6779315500
969920500 6779321500
969922500 6779338000
969925000 6779350500
969925500 6779363000
969925500 6779376000
969926500 6779391500
969927000 6779402500
969932000 6779414500
969938500 6779426000
969943000 6779437500
969944500 6779451500
969944000 6779466500
969943500 6779482000
0
