0 6
36
970443000 6778201500
970436500 6778202000
970427500 6778201000
970421500 6778196500
970410000 6778188000
970401000 6778180500
970388500 6778174000
970374500 6778167500
970364500 6778163000
970357000 6778159000
970348500 6778155500
970341000 6778148000
970335500 6778141500
970329500 6778134000
970325500 6778128000
970318000 6778122500
970305000 6778115500
970294500 6778113000
970282000 6778114000
970270500 6778118500
970260000 6778122500
970245000 6778124500
970231000 6778127000
970220500 6778131000
970212000 6778140500
970207500 6778151000
970206500 6778165000
970206000 6778179500
970206000 6778191000
970200000 6778206000
970191000 6778216000
970186500 6778224500
970185500 6778235000
970182000 6778245500
970178000 6778256500
970174500 6778268000
0
