0 6
111
969976500 6778888000
969979500 6778881000
969985000 6778871000
969992500 6778853500
970000000 6778839000
970005500 6778824000
970010500 6778814000
970013500 6778803500
970017000 6778792000
970020000 6778783500
970019000 6778771500
970019500 6778760000
970018000 6778747500
970015500 6778735000
970010000 6778714000
970006500 6778701000
970002500 6778680500
969997500 6778663000
969991000 6778643500
969987000 6778627000
969982500 6778610000
969979500 6778597500
969975500 6778582500
969970500 6778564500
969963000 6778548000
969958000 6778537500
969954000 6778526500
969948000 6778509000
969947000 6778501000
969943500 6778484000
969944500 6778466500
969945000 6778453000
969945000 6778437000
969946000 6778419000
969946000 6778409000
969945000 6778397500
969944500 6778381500
969945500 6778371000
969946000 6778356500
969949000 6778343500
969952000 6778329000
969952500 6778323500
969950500 6778314500
969946000 6778303000
969943500 6778295000
969938500 6778289500
969929000 6778283500
969923000 6778280000
969917000 6778275000
969910500 6778270000
969900500 6778265500
969888500 6778262500
969874000 6778256500
969862500 6778250000
969856500 6778247500
969849500 6778240000
969846000 6778232000
969842000 6778222500
969838500 6778214000
969836000 6778205500
969835000 6778198000
969838500 6778189000
969842000 6778178500
969843500 6778165000
969842000 6778152500
969835500 6778139500
969831000 6778132000
969829500 6778123000
969828500 6778111500
969825500 6778102000
969825500 6778093000
969826000 6778088500
969830500 6778094000
969838500 6778097500
969848500 6778100500
969856500 6778100500
969866000 6778100000
969882500 6778098000
969891000 6778094500
969902000 6778084000
969911000 6778072500
969921000 6778058500
969929000 6778041000
969932500 6778017000
969937500 6778002000
969940000 6777991000
969943000 6777978000
969944500 6777964500
969948500 6777950500
969950000 6777939500
969955000 6777932500
969964500 6777927500
969975000 6777926000
969986000 6777922500
969994500 6777917500
970005000 6777919000
970007500 6777924000
970008000 6777937000
970006500 6777942000
970004500 6777956000
970007500 6777963500
970011000 6777968000
970014000 6777977000
970016000 6777987500
970018500 6778002000
970020500 6778021000
970022500 6778036000
970024500 6778048500
970025000 6778058500
970024000 6778075500
970023000 6778102000
0
