0 6
30
970448000 6778414500
970455000 6778423500
970462500 6778432500
970469500 6778442500
970476500 6778449500
970489000 6778463000
970499500 6778475500
970506000 6778484500
970508000 6778492500
970509500 6778504000
970510000 6778510500
970514500 6778520000
970514000 6778527500
970514000 6778540000
970514500 6778550500
970516000 6778567500
970516000 6778582500
970516000 6778596500
970514500 6778611500
970509000 6778623500
970502000 6778637000
970493500 6778650500
970486000 6778659500
970476000 6778669000
970468000 6778678000
970463000 6778684500
970457500 6778698000
970455500 6778710000
970454000 6778723000
970454000 6778729500
0
