0 6
33
969130500 6778721000
969132000 6778709000
969135500 6778691500
969137500 6778676500
969138500 6778657500
969141000 6778639500
969144500 6778622000
969146000 6778605000
969147000 6778591000
969146000 6778576500
969146000 6778565000
969144000 6778552000
969139000 6778542500
969131000 6778529000
969121500 6778515000
969112000 6778497500
969102500 6778484500
969092500 6778464000
969081500 6778445000
969074000 6778438000
969074000 6778443500
969075500 6778454500
969075500 6778457500
969071500 6778452000
969065000 6778445500
969058500 6778440500
969048000 6778432500
969039000 6778424000
969033000 6778414500
969027000 6778406500
969019000 6778401000
969010500 6778397500
969001000 6778395500
0
