0 6
49
970053500 6779498000
970049000 6779489500
970043500 6779479500
970040000 6779463500
970036000 6779443500
970036000 6779427000
970034500 6779418000
970033000 6779410000
970034000 6779397000
970032500 6779387500
970030000 6779376500
970025000 6779366000
970019500 6779356000
970016000 6779346000
970014500 6779332000
970015000 6779321000
970013500 6779302000
970011000 6779288500
970010000 6779274500
970010000 6779256500
970010500 6779237500
970010000 6779227500
970015000 6779212500
970021500 6779190000
970025000 6779175500
970029500 6779163500
970031000 6779152000
970036000 6779140000
970042500 6779127000
970048500 6779116500
970050000 6779099000
970053000 6779088000
970061000 6779076000
970071500 6779057000
970081500 6779038000
970086000 6779024000
970089500 6779019000
970094000 6779009500
970098000 6779001000
970105000 6778988000
970109000 6778977500
970111000 6778963500
970111000 6778956000
970108000 6778946500
970103000 6778945000
970095000 6778946500
970087500 6778948000
970077500 6778950500
970066500 6778949500
0
