0 6
105
969801500 6777887000
969795000 6777900500
969791000 6777914500
969793000 6777935000
969794500 6777948500
969798000 6777968500
969801000 6777984000
969802500 6777999000
969803500 6778015500
969801500 6778032000
969794500 6778050000
969780500 6778066000
969757500 6778082000
969738000 6778095500
969721500 6778108000
969703000 6778129000
969690500 6778150500
969681000 6778169000
969666500 6778193500
969653500 6778208000
969637000 6778222500
969623000 6778237500
969615000 6778248500
969607500 6778262500
969601500 6778277500
969595000 6778285500
969587000 6778291500
969577500 6778292500
969564500 6778291000
969555500 6778289000
969548000 6778285500
969540000 6778280500
969533500 6778275500
969526000 6778265500
969521500 6778254500
969518500 6778235500
969515000 6778212000
969511000 6778180000
969509000 6778155500
969509500 6778137000
969511500 6778123000
969515500 6778109500
969522500 6778100500
969533000 6778088500
969543500 6778076000
969549500 6778069500
969559000 6778059500
969568500 6778049000
969581500 6778038500
969593000 6778026500
969598500 6778013500
969600500 6778004000
969599500 6777992500
969595500 6777980000
969593000 6777971000
969592000 6777956500
969590000 6777947500
969589000 6777938000
969585500 6777920500
969584000 6777907000
969580500 6777887500
969576500 6777868000
969570000 6777857500
969566000 6777845000
969556500 6777825000
969548500 6777807000
969540000 6777795000
969529000 6777785000
969520500 6777779500
969504500 6777772500
969489500 6777762500
969471000 6777752500
969460000 6777748000
969447000 6777746500
969429500 6777746000
969412500 6777747500
969392000 6777748000
969371000 6777748500
969359000 6777750500
969335000 6777751500
969315500 6777751000
969300500 6777750500
969283500 6777749500
969270500 6777747500
969259500 6777745500
969246500 6777743000
969237000 6777740500
969228000 6777736500
969221500 6777731500
969216500 6777726500
969209500 6777719500
969203500 6777711500
969198500 6777706500
969190500 6777701500
969183000 6777697500
969173500 6777695500
969158000 6777697000
969147500 6777697500
969138500 6777698000
969115500 6777701000
969086000 6777706000
969060500 6777710000
969033500 6777713000
969011000 6777716500
969001500 6777716500
0
