0 6
24
969715000 6777754000
969718500 6777746000
969722500 6777734500
969723000 6777722500
969723500 6777715500
969723000 6777705000
969722500 6777692000
969721000 6777679500
969717500 6777665000
969712000 6777642000
969709500 6777630000
969706000 6777618500
969701500 6777602000
969697000 6777589000
969694000 6777579000
969690000 6777564500
969686500 6777553000
969683500 6777545000
969683500 6777538500
969682000 6777532500
969682500 6777526500
969683000 6777518000
969684500 6777508500
969687500 6777501000
0
