0 6
58
969584500 6777907000
969592500 6777911000
969604500 6777912500
969617000 6777911500
969624000 6777909500
969636000 6777905500
969648000 6777901000
969656500 6777898500
969665000 6777895000
969672500 6777890500
969678000 6777885500
969685000 6777879500
969689500 6777877000
969697000 6777875500
969703500 6777878500
969712500 6777884000
969721000 6777891000
969731500 6777899000
969746000 6777909000
969754000 6777913500
969759500 6777918000
969768500 6777921000
969770500 6777910500
969773500 6777899500
969781500 6777884000
969787500 6777869000
969790500 6777860500
969791000 6777851000
969786000 6777839500
969772000 6777821000
969759500 6777809000
969746000 6777794000
969733000 6777781500
969722500 6777770500
969716500 6777760500
969708500 6777746000
969703500 6777734000
969696000 6777725500
969683500 6777714000
969673000 6777704000
969666500 6777695000
969662500 6777683500
969659000 6777673000
969653500 6777666000
969641000 6777653000
969628500 6777645000
969616000 6777637500
969604000 6777632000
969590500 6777623500
969579000 6777611000
969570500 6777601000
969562500 6777590000
969559500 6777583000
969555000 6777572500
969551500 6777553000
969550500 6777542000
969548500 6777519000
969545000 6777501500
0
