0 6
143
969804500 6777891500
969808500 6777871500
969815500 6777857500
969825000 6777844500
969838500 6777833500
969851000 6777820500
969860000 6777808000
969867500 6777794000
969875500 6777777000
969884500 6777761000
969900000 6777734000
969907500 6777719000
969917000 6777703000
969926500 6777692000
969934000 6777684500
969948000 6777678000
969968000 6777674000
969977000 6777672500
969985500 6777672000
969994500 6777669000
970012000 6777661500
970023000 6777656000
970032000 6777652000
970049000 6777651000
970057000 6777651500
970068500 6777648000
970098000 6777631500
970121000 6777618000
970138000 6777613500
970152500 6777608500
970167000 6777604500
970175000 6777599500
970190000 6777593000
970199500 6777589000
970209500 6777585500
970225000 6777584500
970236000 6777585500
970245000 6777586500
970265500 6777591000
970278500 6777594000
970291500 6777599500
970305000 6777606000
970324500 6777619000
970344500 6777629000
970361000 6777638000
970378500 6777645500
970396000 6777651000
970411500 6777653000
970429000 6777655000
970451000 6777654500
970470500 6777650500
970479000 6777647500
970494000 6777641000
970506500 6777637500
970521500 6777636000
970537500 6777637000
970562500 6777646000
970591000 6777659500
970616500 6777672000
970638500 6777686000
970663500 6777706500
970684000 6777725500
970700500 6777743000
970709500 6777760500
970717000 6777783000
970727000 6777806500
970735500 6777824000
970745500 6777839000
970749500 6777847000
970749000 6777861000
970744500 6777875000
970743000 6777898000
970742500 6777921500
970745000 6777946500
970744500 6777970500
970745000 6777993500
970744500 6778012000
970744000 6778027000
970744500 6778038000
970746000 6778052000
970751500 6778073000
970759000 6778100000
970762000 6778122500
970769000 6778144500
970771000 6778163000
970765500 6778189500
970762000 6778206500
970758500 6778224000
970756000 6778244500
970756000 6778260500
970755500 6778275000
970755500 6778294500
970755500 6778318000
970755500 6778335500
970760500 6778366500
970770000 6778391500
970778000 6778410500
970789000 6778426500
970805000 6778444000
970817000 6778461500
970827000 6778474500
970834500 6778484000
970843000 6778493500
970854000 6778504000
970866500 6778520000
970874000 6778535500
970877000 6778548000
970878500 6778563500
970883000 6778584500
970886500 6778602000
970887500 6778624000
970887500 6778645500
970888000 6778663500
970888500 6778677500
970891000 6778696000
970891000 6778713500
970891000 6778732000
970891000 6778752500
970892000 6778772500
970894000 6778793000
970899000 6778810500
970906000 6778828500
970913500 6778846500
970921500 6778863500
970924500 6778877000
970930500 6778896000
970941000 6778914500
970950500 6778926500
970962500 6778941000
970971000 6778955000
970977500 6778971000
970982000 6778985500
970984000 6779002500
970983500 6779018500
970982000 6779035000
970982000 6779055000
970980500 6779070500
970975500 6779089000
970972000 6779097500
970972500 6779108500
970978000 6779113500
970982500 6779115500
970998500 6779111000
0
