0 6
57
970998500 6777594500
970994000 6777605000
970989000 6777613000
970984500 6777620500
970978000 6777634500
970970500 6777646000
970966000 6777655500
970962500 6777671500
970961000 6777691500
970959500 6777705000
970956000 6777718000
970952500 6777729000
970951000 6777741500
970948000 6777753500
970945000 6777765000
970939500 6777776500
970932500 6777792000
970929500 6777803500
970928000 6777818000
970928000 6777842000
970928000 6777856500
970926000 6777873000
970924500 6777888500
970923000 6777903500
970925500 6777919000
970928000 6777930000
970931000 6777941500
970931000 6777955000
970930000 6777970000
970929000 6777983000
970931500 6777995500
970933000 6778009000
970937000 6778023000
970942500 6778038500
970946000 6778053000
970949500 6778064000
970952000 6778076500
970952000 6778093000
970952500 6778123500
970951000 6778143500
970954000 6778161500
970956000 6778175500
970959000 6778185000
970963000 6778198000
970969000 6778212000
970974000 6778220500
970981000 6778227000
970988500 6778232000
970996000 6778234000
970999000 6778236000
970994500 6778227000
970991000 6778217500
970987500 6778207500
970986000 6778198500
970989000 6778184500
970994500 6778173000
970998500 6778163000
0
