0 6
48
970174000 6777601500
970181500 6777601500
970191000 6777599500
970202000 6777599000
970213000 6777600000
970219500 6777603500
970227500 6777609000
970241000 6777616500
970249500 6777622000
970260000 6777627500
970275500 6777634000
970287000 6777642500
970294500 6777653000
970304000 6777670500
970307000 6777679500
970313500 6777686000
970325000 6777688500
970337000 6777692500
970350500 6777694000
970364000 6777696500
970377500 6777698000
970394500 6777700000
970416000 6777701500
970427500 6777701500
970445500 6777704500
970469500 6777709500
970488000 6777717500
970503000 6777723000
970519500 6777726500
970537500 6777729000
970553000 6777729000
970562500 6777726000
970575500 6777717000
970583500 6777711000
970598500 6777701500
970610500 6777694500
970625000 6777679000
970630500 6777666500
970639000 6777652500
970647000 6777635000
970655500 6777617500
970660500 6777607000
970665500 6777598500
970674500 6777584000
970691500 6777560500
970706500 6777538000
970717500 6777517500
970727000 6777501000
0
