0 6
58
969335500 6778209500
969335500 6778201000
969336000 6778187500
969336500 6778174000
969336000 6778160500
969337500 6778146500
969337500 6778139000
969338500 6778132000
969337000 6778121000
969339000 6778110000
969342000 6778099000
969346500 6778081500
969354500 6778062000
969359000 6778049500
969363500 6778040000
969364500 6778025500
969363000 6778014500
969361500 6778006500
969357000 6778000000
969349000 6777997500
969335500 6777994000
969322000 6777993000
969314500 6777993000
969305000 6777995500
969305000 6778004000
969307500 6778008500
969317000 6778011500
969327000 6778011000
969339000 6778009000
969350500 6778005000
969367500 6778000000
969380500 6777993000
969389500 6777981000
969400000 6777971000
969410500 6777966500
969424500 6777959000
969434500 6777956000
969443000 6777954500
969447500 6777959000
969449000 6777964500
969450500 6777970000
969453500 6777971500
969461000 6777970500
969469000 6777968500
969474500 6777967500
969478000 6777971000
969483500 6777973000
969493000 6777970500
969502500 6777965000
969510500 6777963000
969522500 6777960500
969538000 6777954000
969545000 6777949500
969549500 6777944000
969556500 6777934000
969563500 6777919500
969570000 6777909000
969580000 6777892000
0
