0 6
54
969726000 6778417500
969723500 6778423000
969719500 6778431500
969720500 6778438500
969723000 6778446500
969725500 6778453500
969729000 6778468500
969731500 6778478500
969734500 6778488500
969735500 6778502000
969736500 6778513500
969739000 6778522500
969741000 6778530000
969748000 6778542500
969757500 6778558500
969765000 6778567500
969773000 6778578500
969778500 6778589500
969782000 6778603500
969787500 6778613000
969791500 6778620000
969797000 6778630000
969803500 6778638500
969812500 6778647500
969819500 6778656000
969828500 6778667500
969839500 6778680500
969845000 6778690500
969847500 6778697500
969849500 6778707500
969847000 6778714500
969842500 6778723500
969838500 6778729000
969833000 6778739000
969824500 6778745500
969812500 6778754500
969805000 6778762500
969802500 6778770500
969802000 6778782000
969802500 6778793000
969806000 6778800500
969810000 6778808000
969812000 6778816500
969815000 6778825000
969821500 6778835500
969828000 6778848000
969836000 6778859000
969837500 6778873000
969837500 6778888000
969837000 6778896500
969839500 6778906000
969842000 6778915500
969843000 6778925000
969842500 6778938500
0
