0 6
24
969195500 6779469000
969197500 6779462500
969199000 6779453000
969200000 6779446500
969201500 6779439000
969204500 6779425500
969204500 6779412500
969206500 6779397000
969207000 6779389500
969209000 6779376000
969212500 6779364000
969221000 6779345500
969224500 6779333000
969229500 6779319500
969233500 6779312000
969237500 6779297500
969240500 6779279500
969245000 6779257000
969248500 6779237000
969254000 6779218000
969256000 6779198000
969259000 6779170000
969257000 6779157500
969257000 6779154000
0
