0 6
91
970899500 6778825500
970893000 6778835000
970886500 6778844000
970880000 6778851500
970872500 6778861000
970863000 6778866000
970856000 6778875500
970852500 6778884000
970846000 6778889000
970833500 6778895000
970821500 6778900000
970809500 6778902000
970799500 6778901000
970789500 6778900500
970784000 6778898000
970781500 6778893000
970780500 6778883500
970780000 6778876000
970777000 6778866000
970775000 6778861000
970770000 6778852000
970767000 6778843000
970763500 6778833000
970759500 6778825000
970753500 6778818500
970744500 6778814500
970733000 6778811000
970722000 6778807000
970706000 6778802000
970698500 6778802500
970680500 6778803000
970672500 6778808500
970654500 6778821500
970643000 6778831500
970621500 6778846000
970606000 6778856000
970592500 6778867500
970580500 6778883500
970574500 6778895000
970564500 6778911500
970554000 6778932500
970543500 6778953000
970535000 6778971500
970532000 6778984000
970533500 6778996000
970535000 6779008500
970539500 6779017500
970553000 6779036500
970564000 6779048500
970578000 6779060000
970591000 6779070000
970606000 6779079500
970617000 6779088000
970628000 6779098000
970641000 6779108000
970651000 6779117500
970661500 6779128500
970676500 6779134500
970692500 6779138000
970702500 6779140500
970722000 6779146000
970741500 6779150000
970753500 6779155500
970766000 6779156000
970780500 6779156500
970796500 6779158500
970803000 6779160500
970814500 6779162500
970828500 6779162500
970842500 6779161000
970857000 6779161000
970870500 6779164000
970881500 6779165500
970892500 6779167000
970904500 6779166000
970914000 6779161500
970922500 6779153000
970930000 6779144000
970936500 6779133000
970948000 6779125000
970968500 6779117500
970975000 6779116500
970959000 6779125500
970954000 6779130000
970948000 6779144500
970946000 6779156000
970943000 6779165000
970940000 6779177500
970938500 6779189000
970938500 6779199000
970939000 6779204500
0
