0 6
48
969588000 6778845000
969593500 6778838000
969599000 6778830000
969606000 6778820000
969614000 6778803500
969615000 6778792000
969615500 6778778000
969615500 6778764500
969614500 6778753000
969611500 6778746500
969606500 6778736500
969603500 6778728500
969601500 6778720500
969604500 6778712000
969609000 6778703500
969610500 6778690500
969607500 6778674500
969605500 6778665000
969606000 6778651500
969607500 6778642500
969608500 6778631500
969606500 6778623000
969602000 6778611500
969595500 6778595500
969594000 6778586500
969594000 6778577000
969595500 6778570000
969596500 6778560500
969597500 6778552500
969600500 6778543500
969606000 6778528000
969607000 6778517500
969609000 6778498000
969609500 6778486500
969608500 6778478500
969612000 6778467000
969616500 6778459000
969624000 6778447500
969630500 6778436000
969639000 6778418500
969647500 6778410000
969653500 6778403500
969659000 6778397000
969663500 6778384500
969673000 6778373500
969684500 6778365500
969697000 6778361000
969703000 6778360000
0
