117
969109500 6778000000
969104000 6778008000
969098000 6778013000
969089000 6778020500
969080500 6778027000
969070500 6778032000
969061500 6778038500
969051500 6778048500
969039500 6778063000
969029000 6778076000
969022500 6778088000
969021000 6778092500
969018500 6778103000
969019000 6778113000
969021500 6778126000
969024000 6778143500
969027000 6778157000
969031500 6778172000
969033000 6778180500
969033500 6778197500
969035000 6778215000
969036500 6778239500
969037500 6778264500
969040500 6778286500
969043000 6778306000
969046500 6778322500
969047500 6778341500
969051000 6778363500
969056500 6778383500
969063500 6778404500
969069000 6778418000
969073000 6778437000
969076500 6778466000
969078500 6778475000
969081000 6778481000
969081500 6778497000
969079500 6778526500
969078000 6778546000
969079500 6778557500
969086000 6778575000
969087000 6778590500
969083500 6778600000
969083500 6778609500
969086000 6778618500
969084500 6778640500
969084500 6778673000
969086000 6778701500
969086000 6778713000
969089000 6778732500
969090500 6778752500
969092500 6778775500
969096000 6778796000
969098000 6778815000
969102000 6778827500
969117500 6778856500
969123000 6778867500
969127000 6778878000
969131500 6778892500
969137500 6778902000
969146000 6778910500
969153500 6778918500
969165500 6778926000
969175500 6778930000
969187500 6778930500
969198500 6778928500
969204500 6778924500
969212500 6778923000
969221500 6778924500
969231000 6778928000
969241000 6778928000
969258500 6778927500
969272500 6778923500
969296500 6778918000
969314000 6778914500
969334500 6778913500
969359000 6778914000
969365500 6778914500
969375000 6778917500
969391500 6778925000
969406500 6778932500
969420000 6778940500
969432500 6778945500
969445000 6778955000
969455000 6778969500
969461000 6778982500
969468000 6778996000
969481000 6779013500
969487000 6779025000
969498500 6779039500
969503500 6779049000
969509000 6779064000
969514500 6779082500
969520500 6779104500
969527000 6779116000
969544500 6779141500
969555500 6779154000
969564500 6779170500
969574500 6779179000
969584500 6779184000
969594000 6779184500
969602000 6779181500
969606500 6779175000
969608500 6779164500
969608000 6779152000
969607000 6779140000
969609000 6779131000
969612000 6779120500
969621500 6779107000
969631000 6779092000
969646000 6779067500
969657500 6779049500
969671000 6779030500
969676000 6779016000
969682000 6778999000
969691500 6778988500
969705000 6778979500
969709000 6778978000
0
