0 6
41
969665500 6778995500
969657000 6778994000
969647500 6778992000
969637000 6778991000
969625500 6778987500
969615500 6778983000
969604500 6778978500
969594000 6778973500
969578500 6778966500
969566000 6778964000
969559500 6778959000
969544500 6778956000
969532000 6778954500
969518000 6778952500
969507000 6778955000
969496000 6778956500
969484500 6778955500
969474000 6778953500
969465000 6778949000
969456000 6778944500
969449500 6778941000
969445500 6778937500
969442500 6778934000
969450000 6778929000
969459500 6778921500
969471500 6778909500
969487000 6778896500
969498000 6778894500
969511000 6778893000
969528500 6778886500
969542000 6778883000
969555500 6778885500
969567500 6778892000
969582500 6778902500
969595000 6778914000
969610000 6778925500
969624000 6778938500
969636000 6778955500
969641500 6778966500
969649500 6778982000
969657500 6778993500
0
