0 6
49
969442000 6778933000
969436500 6778926500
969432000 6778919000
969428000 6778913500
969418500 6778911500
969411000 6778908000
969400500 6778902000
969394000 6778898000
969378000 6778885500
969370000 6778877000
969354500 6778865000
969339500 6778856000
969324500 6778847000
969314500 6778842000
969300500 6778834000
969290000 6778826000
969283000 6778815000
969277000 6778799500
969275000 6778779500
969273500 6778767500
969276500 6778747500
969279500 6778731500
969280000 6778719500
969282500 6778706500
969283000 6778689500
969285000 6778670500
969287000 6778652000
969290000 6778634000
969296000 6778609000
969301500 6778580000
969304000 6778566000
969305500 6778549000
969307000 6778533000
969302500 6778524500
969295000 6778509000
969284500 6778489500
969270500 6778465000
969267500 6778459000
969255500 6778446500
969242000 6778433500
969224000 6778409500
969204500 6778384000
969194000 6778368000
969182500 6778348500
969173000 6778334500
969165500 6778315500
969161000 6778307500
969153000 6778298500
969137500 6778281500
0
