0 6
27
969768000 6777813500
969769000 6777806000
969772500 6777800000
969777500 6777790000
969784000 6777778500
969788500 6777772000
969796000 6777761000
969799000 6777754500
969800000 6777744500
969800000 6777732500
969796000 6777720000
969793000 6777711000
969788500 6777701500
969787000 6777694000
969786500 6777683500
969788000 6777673000
969790000 6777664000
969792500 6777658000
969798500 6777650500
969803000 6777642000
969808500 6777633000
969817000 6777628000
969824000 6777622000
969828500 6777616500
969835500 6777605000
969842000 6777596000
969854000 6777585500
0
