0 6
50
969112000 6779182000
969122500 6779178500
969133000 6779176500
969146500 6779170000
969156000 6779165500
969164000 6779160000
969168500 6779156500
969185500 6779151000
969198500 6779146000
969207500 6779144000
969217500 6779144000
969226000 6779143500
969234500 6779144000
969244000 6779148500
969254000 6779153500
969257000 6779155000
969258500 6779149000
969260500 6779138500
969259500 6779129000
969252500 6779120000
969244000 6779110000
969235500 6779101000
969225000 6779091000
969209000 6779080500
969199000 6779075000
969194000 6779069500
969194000 6779055500
969200500 6779049500
969219500 6779044500
969231000 6779042500
969240000 6779040500
969251500 6779037500
969262500 6779041000
969275500 6779047500
969288500 6779050000
969293500 6779046500
969297500 6779038000
969295000 6779029000
969288500 6779012500
969279000 6778999000
969266000 6778983500
969256000 6778971000
969244500 6778960000
969232000 6778951500
969221500 6778944000
969213500 6778936000
969208500 6778924000
969204000 6778915500
969200500 6778905500
969198000 6778898500
0
