0 6
50
969590000 6777500000
969598000 6777505500
969604500 6777509000
969616500 6777513500
969626500 6777516000
969635000 6777518000
969644500 6777521000
969654500 6777524000
969669000 6777530000
969678000 6777532000
969689500 6777534500
969704500 6777538500
969716500 6777542000
969727000 6777549000
969736500 6777554500
969751000 6777564000
969762000 6777569000
969770500 6777571000
969785500 6777575500
969794000 6777576500
969805500 6777579500
969813500 6777583000
969824000 6777586500
969835000 6777585500
969851500 6777584000
969860500 6777583000
969873500 6777582500
969883500 6777583500
969899000 6777583000
969914000 6777583000
969929500 6777583000
969947500 6777582000
969965000 6777582500
969979500 6777583000
969993500 6777582500
970006000 6777583500
970016000 6777582500
970027500 6777584500
970034500 6777587000
970046000 6777590000
970058500 6777592000
970069000 6777590500
970075500 6777590500
970088000 6777594500
970096000 6777598500
970103000 6777602500
970110500 6777604000
970121000 6777604000
970133500 6777604500
970147000 6777610000
0
