0 6
36
969164500 6778311500
969177000 6778323500
969186500 6778331500
969200000 6778341500
969211000 6778351000
969221000 6778360000
969232500 6778368000
969247000 6778375500
969257500 6778379500
969276500 6778384500
969290500 6778388500
969301500 6778395000
969313000 6778405000
969327000 6778407000
969339500 6778408500
969347000 6778410500
969355000 6778414000
969361500 6778417000
969368500 6778425500
969379000 6778434000
969387000 6778444500
969399500 6778452000
969413000 6778459500
969431500 6778467000
969443000 6778469500
969453500 6778474000
969464000 6778474000
969476500 6778471500
969486000 6778471500
969501000 6778470000
969513000 6778470000
969525000 6778473000
969533500 6778480000
969542000 6778489000
969549000 6778498000
969561000 6778507500
0
