0 6
84
969698000 6777874500
969690000 6777868500
969680500 6777864000
969671500 6777858500
969665000 6777852000
969661000 6777843000
969655500 6777833500
969653500 6777825500
969649500 6777820500
969645500 6777817000
969642000 6777810500
969638500 6777803000
969635000 6777793500
969632500 6777787500
969625000 6777778000
969618000 6777771500
969609500 6777763500
969603000 6777756000
969596000 6777742000
969589500 6777732000
969581000 6777724000
969571000 6777717000
969562000 6777710000
969550500 6777703000
969539500 6777698000
969528000 6777694000
969519500 6777693000
969509000 6777688000
969499000 6777680500
969489500 6777673500
969481500 6777667500
969475500 6777665000
969469500 6777664500
969464000 6777663000
969457500 6777660500
969447000 6777658500
969435000 6777658000
969426500 6777660500
969413500 6777665000
969402500 6777668500
969392500 6777669000
969383500 6777669500
969375000 6777669000
969364500 6777669000
969358500 6777667500
969351500 6777665500
969342500 6777664000
969337500 6777666000
969332000 6777664500
969325500 6777661000
969322500 6777657500
969316500 6777652500
969310500 6777648500
969305000 6777643000
969302000 6777634500
969298500 6777627000
969294000 6777620000
969289500 6777611500
969285000 6777603000
969281500 6777594500
969279500 6777587000
969276500 6777579000
969274000 6777573500
969269500 6777567500
969261500 6777564000
969254500 6777563500
969248000 6777563000
969240000 6777564000
969231000 6777563500
969223500 6777564500
969217500 6777564000
969208000 6777560500
969200000 6777558500
969206000 6777559000
969213500 6777558500
969223000 6777554500
969224500 6777548500
969221500 6777544000
969212000 6777537000
969208500 6777532500
969204500 6777524500
969202500 6777516000
969204500 6777509500
969207000 6777502000
0
