0 6
57
970619500 6779461000
970626500 6779459500
970631500 6779452500
970638000 6779445000
970650500 6779435500
970658500 6779429500
970665500 6779424000
970674500 6779419000
970686500 6779405500
970693000 6779399000
970701000 6779391500
970714500 6779378000
970720500 6779373000
970726000 6779367000
970731500 6779359500
970739500 6779356000
970748000 6779353500
970758500 6779351000
970769000 6779347500
970778000 6779341500
970788000 6779336500
970796000 6779333500
970802500 6779329500
970812000 6779321500
970820500 6779312000
970826000 6779303500
970824500 6779292000
970823500 6779283000
970823500 6779272500
970823500 6779262000
970821500 6779251500
970818500 6779242000
970813500 6779230000
970809500 6779218500
970808500 6779209500
970809500 6779197500
970812500 6779189500
970821500 6779181500
970827500 6779178000
970840000 6779175000
970851500 6779175000
970858000 6779178500
970862500 6779186500
970868500 6779195000
970874000 6779206500
970881500 6779213000
970889500 6779219000
970899500 6779224000
970913500 6779221000
970901000 6779231000
970893000 6779244500
970889500 6779254500
970891500 6779263000
970894500 6779270500
970898500 6779275500
970903500 6779281000
970911000 6779289500
0
