132
969129500 6778002000
969138500 6778039000
969142000 6778062500
969139000 6778091000
969142000 6778124000
969140500 6778151000
969141000 6778181500
969136000 6778209000
969131000 6778247500
969133000 6778264500
969140500 6778295000
969144500 6778322000
969149500 6778349500
969157500 6778370000
969174000 6778396000
969184000 6778413000
969190500 6778431500
969202500 6778471500
969211500 6778493500
969217000 6778507500
969218500 6778516500
969219500 6778538000
969219000 6778560000
969216500 6778571500
969207000 6778585000
969202500 6778593500
969195000 6778613500
969190000 6778640500
969190000 6778658500
969192000 6778684000
969191500 6778701500
969189500 6778711500
969181000 6778735000
969173500 6778756000
969169500 6778778000
969169500 6778793500
969171000 6778808500
969173000 6778826000
969172500 6778849500
969175000 6778867500
969180500 6778881500
969190500 6778892500
969202000 6778902000
969236500 6778923000
969262500 6778937000
969289000 6778950000
969303500 6778960000
969310500 6778970000
969332500 6779008000
969349500 6779030000
969359000 6779041000
969366000 6779052000
969367000 6779063000
969365500 6779078000
969367500 6779094000
969373500 6779114500
969389000 6779169500
969395000 6779200000
969400000 6779229500
969406500 6779256000
969411000 6779265000
969426000 6779292500
969434500 6779306000
969447000 6779332000
969453500 6779347000
969465000 6779362000
969479500 6779375000
969508500 6779396500
969543000 6779415500
969558000 6779422000
969578000 6779425500
969587500 6779424500
969596000 6779421000
969607500 6779413500
969618500 6779403000
969628000 6779395000
969640000 6779386500
969662000 6779373000
969674500 6779366000
969685500 6779357500
969695500 6779343500
969710000 6779324000
969722000 6779305500
969729000 6779290500
969737000 6779273000
969743500 6779265000
969755000 6779257500
969793000 6779234500
969805000 6779229000
969819000 6779226500
969837000 6779220500
969866000 6779211000
969890000 6779206500
969917500 6779203500
969938000 6779198500
969949000 6779197500
969956500 6779202000
969961000 6779211500
969964500 6779233000
969968500 6779250000
969976000 6779269500
969983500 6779284500
969997000 6779306000
970005000 6779320000
970010000 6779327500
970023000 6779341000
970040500 6779357000
970076000 6779379500
970103000 6779394000
970115000 6779402000
970141500 6779412500
970151000 6779413500
970179500 6779411000
970195500 6779407000
970219000 6779393500
970259000 6779372000
970277000 6779366000
970299000 6779364000
970311500 6779366500
970330000 6779379500
970338500 6779391000
970347500 6779408000
970361500 6779418000
970374000 6779420500
970389000 6779420000
970402000 6779424000
970416500 6779425500
970429000 6779428000
970447500 6779434500
970459000 6779437500
970470000 6779437500
970477500 6779434500
0
