0 6
92
970941500 6777501500
970935000 6777509000
970928500 6777517500
970920500 6777529500
970911000 6777544500
970902500 6777560000
970891500 6777581000
970886000 6777596500
970879500 6777614500
970876500 6777625000
970871500 6777634500
970864000 6777645000
970858500 6777655500
970855500 6777671500
970857000 6777683000
970858500 6777690500
970856500 6777707500
970852500 6777722500
970848000 6777737500
970842000 6777751000
970838000 6777759000
970831000 6777769000
970824500 6777774000
970814000 6777780000
970805000 6777785000
970792000 6777797000
970779500 6777809500
970772500 6777819000
970765000 6777830000
970758000 6777843000
970749500 6777850000
970749500 6777853000
970759000 6777851500
970766500 6777853000
970773000 6777856000
970781500 6777861500
970789000 6777868500
970794500 6777876500
970798000 6777884000
970801000 6777895000
970805500 6777905000
970808000 6777910500
970811000 6777918500
970813500 6777927000
970814000 6777937500
970814000 6777954500
970815000 6777972000
970817500 6777985500
970822000 6777996500
970827500 6778006000
970832000 6778018000
970837000 6778029000
970839000 6778041000
970836500 6778055000
970835000 6778067000
970835000 6778081000
970842500 6778093000
970843000 6778095500
970845000 6778105500
970849000 6778119500
970852500 6778132500
970858000 6778154000
970863000 6778172500
970867000 6778186500
970867000 6778200000
970867000 6778214500
970869500 6778229000
970874000 6778250000
970877500 6778267000
970879500 6778284000
970882500 6778301500
970878000 6778319000
970872500 6778330500
970869000 6778334500
970861000 6778336500
970864500 6778341000
970868000 6778345000
970872000 6778351500
970877500 6778361500
970882500 6778368500
970888500 6778371500
970900500 6778373000
970913500 6778376500
970920000 6778381000
970928000 6778386000
970940500 6778396500
970951000 6778407000
970961000 6778416500
970972500 6778425000
970980500 6778430500
970990500 6778435500
970998000 6778437500
0
