0 6
32
969320000 6778059500
969314500 6778057000
969308000 6778054500
969302000 6778048500
969295000 6778039500
969290500 6778033500
969284500 6778026000
969276500 6778021500
969267500 6778015500
969264500 6778013000
969254500 6778007000
969249000 6778005000
969245500 6778004000
969241000 6778005500
969236000 6778006500
969230000 6778004500
969224500 6778000500
969220500 6777992500
969218000 6777986500
969217000 6777978500
969215500 6777969500
969212500 6777961000
969205500 6777953500
969197500 6777946500
969189500 6777942500
969180000 6777943000
969168500 6777949500
969158000 6777952000
969137000 6777954000
969129500 6777955500
969123500 6777958000
969112500 6777964500
0
