0 6
60
969001000 6777853000
969007000 6777847500
969015500 6777842000
969024000 6777835000
969027500 6777831500
969031000 6777829500
969034000 6777824500
969047500 6777819500
969054000 6777819000
969063000 6777820000
969070000 6777820500
969078000 6777821000
969085500 6777821500
969092500 6777821500
969100000 6777821000
969109500 6777821500
969119000 6777820500
969132500 6777821000
969145500 6777820500
969154000 6777820500
969159000 6777822000
969167000 6777829000
969176500 6777837000
969188500 6777845000
969196500 6777852000
969203500 6777857500
969210500 6777862500
969218500 6777865500
969227000 6777870500
969238000 6777875500
969247500 6777877500
969259000 6777878500
969265500 6777878000
969274000 6777883500
969277000 6777887000
969283000 6777885500
969293000 6777879000
969299000 6777877000
969308000 6777872500
969317500 6777871500
969330000 6777871000
969337500 6777870000
969347000 6777867500
969356500 6777862500
969363000 6777857500
969371000 6777851500
969379000 6777843000
969387000 6777835500
969396500 6777829500
969405000 6777824500
969416000 6777821500
969425500 6777818500
969432000 6777813500
969437500 6777807000
969445000 6777800000
969457500 6777791000
969473500 6777786500
969483500 6777783500
969492500 6777780000
969501000 6777775000
0
