0 6
26
969532500 6779485500
969537000 6779487500
969544000 6779490000
969551000 6779492000
969563000 6779494500
969572000 6779496500
969580000 6779496500
969585000 6779496500
969596500 6779489000
969608000 6779483000
969618500 6779478000
969627000 6779470500
969632500 6779466000
969645500 6779453500
969658000 6779444500
969672000 6779431500
969684000 6779421000
969693000 6779412000
969700500 6779399000
969710000 6779383000
969718000 6779366000
969729500 6779347000
969739000 6779328500
969747000 6779313500
969750500 6779307500
969753500 6779301000
0
