0 6
84
970176500 6778862000
970191500 6778849500
970202000 6778840000
970213000 6778826000
970224000 6778814500
970233000 6778807000
970248500 6778798500
970265500 6778786500
970275500 6778782000
970295500 6778777000
970312000 6778771500
970319000 6778766500
970323000 6778760000
970330000 6778752500
970342500 6778743000
970351000 6778733500
970355500 6778721500
970356500 6778710000
970356000 6778695000
970356500 6778683500
970359500 6778677500
970367000 6778676500
970373000 6778680500
970380000 6778690000
970387500 6778701000
970394000 6778708500
970401000 6778718500
970407500 6778725500
970417000 6778733500
970425000 6778735500
970438000 6778734000
970447000 6778731000
970452500 6778730500
970462000 6778737500
970468500 6778746500
970470000 6778756000
970467500 6778766500
970461500 6778776000
970449000 6778786500
970434000 6778801500
970421000 6778822000
970414500 6778835500
970399000 6778847000
970385000 6778859500
970375000 6778873000
970370000 6778888000
970364000 6778906000
970358000 6778924000
970349000 6778947000
970345500 6778965500
970345500 6778984500
970348000 6779000000
970348500 6779017500
970351500 6779031000
970354000 6779047000
970356500 6779061500
970360000 6779070000
970368000 6779080500
970373000 6779089000
970379000 6779106500
970386500 6779122000
970397000 6779141000
970401000 6779158000
970403000 6779175500
970410500 6779186500
970420500 6779202000
970427000 6779217500
970429500 6779224000
970439500 6779237000
970442000 6779247000
970445500 6779268500
970447500 6779281500
970452500 6779294500
970454500 6779309500
970458500 6779324500
970461500 6779338500
970471500 6779358000
970486000 6779379000
970494000 6779389000
970496500 6779403000
970502500 6779414000
970509000 6779420000
970515500 6779426000
970524000 6779436000
0
