158
969233000 6778010500
969240500 6778018500
969244500 6778029500
969247000 6778042500
969252000 6778054000
969253000 6778065000
969252500 6778092500
969253000 6778113000
969255000 6778130000
969253000 6778158000
969250500 6778184500
969251500 6778212000
969249500 6778226500
969246500 6778241500
969244000 6778256000
969246500 6778276000
969251500 6778297000
969257000 6778312500
969265000 6778324000
969270500 6778335500
969283000 6778358500
969287000 6778366000
969289500 6778370500
969295000 6778389000
969299500 6778393500
969304500 6778397500
969309500 6778403000
969318500 6778415500
969325500 6778422000
969334000 6778431500
969339500 6778440500
969350000 6778452000
969360500 6778466500
969369000 6778477500
969382500 6778487000
969388500 6778494000
969393000 6778506500
969397000 6778537500
969397000 6778555000
969399000 6778572000
969401500 6778592000
969403500 6778615000
969402500 6778630500
969395500 6778648000
969389500 6778662000
969380500 6778681500
969369500 6778714000
969359500 6778735500
969356500 6778748500
969358500 6778760000
969367500 6778775500
969376500 6778785000
969392000 6778793500
969422000 6778803000
969471500 6778817000
969491000 6778819500
969508000 6778823000
969528500 6778820000
969539500 6778816500
969550500 6778817500
969563000 6778822000
969572500 6778830000
969591000 6778847000
969604000 6778863500
969612000 6778875000
969620500 6778894000
969628000 6778909000
969637500 6778925500
969642500 6778938000
969645500 6778950000
969648500 6778966500
969654000 6778977500
969662000 6778992000
969667000 6778996500
969678000 6779005000
969683500 6779012000
969688000 6779019000
969696000 6779021000
969712000 6779022000
969723000 6779023500
969737000 6779030000
969749000 6779037500
969754500 6779041500
969765500 6779043500
969778000 6779044000
969787000 6779040500
969800000 6779034000
969816500 6779027500
969828000 6779025000
969841500 6779020000
969847500 6779018500
969862000 6779010500
969882000 6778996500
969899000 6778986500
969908000 6778979500
969931500 6778969500
969946500 6778960500
969957500 6778951000
969964500 6778944000
969994500 6778922500
970012500 6778911000
970020000 6778906500
970026000 6778901000
970035000 6778897500
970052500 6778894500
970063500 6778892500
970076500 6778888500
970084000 6778891500
970087500 6778896000
970090500 6778904500
970089500 6778913500
970085500 6778924000
970079000 6778932500
970067500 6778948500
970056000 6778961000
970050500 6778969500
970043500 6778979500
970025500 6778995000
969995000 6779028000
969986000 6779035500
969980000 6779044000
969973500 6779050000
969963500 6779061500
969958000 6779074000
969955500 6779080000
969952000 6779087000
969943000 6779099000
969936000 6779110500
969931500 6779118500
969931000 6779129500
969929000 6779140000
969922500 6779154000
969912000 6779165500
969903500 6779172500
969895500 6779177000
969870500 6779197500
969857500 6779204500
969845500 6779210500
969833000 6779219000
969824500 6779224500
969816000 6779227500
969806000 6779234500
969796000 6779244000
969781000 6779262500
969772500 6779273000
969764500 6779283000
969763000 6779293500
969761500 6779311000
969756500 6779341500
969753500 6779366500
969753000 6779387500
969754000 6779409500
969753500 6779433500
969751000 6779451500
969745500 6779464000
969733500 6779478000
969720000 6779491500
969715000 6779498000
0
