0 6
39
969535500 6778277000
969535500 6778288500
969538000 6778295000
969538500 6778302000
969532000 6778308000
969521500 6778310000
969514000 6778310000
969506000 6778309000
969500000 6778306000
969490000 6778297000
969481500 6778291000
969473500 6778287000
969466000 6778284000
969458500 6778281000
969453500 6778279000
969444000 6778272000
969438500 6778261000
969434000 6778251000
969429500 6778237500
969428500 6778225000
969429000 6778202500
969429500 6778185500
969431000 6778169500
969434000 6778150000
969438000 6778127500
969441000 6778109000
969443000 6778086000
969448500 6778054500
969456500 6778025000
969463000 6778002500
969473000 6777980000
969474500 6777973000
969467000 6777974500
969453500 6777978000
969442000 6777981500
969434500 6777983000
969427000 6777983500
969416000 6777985000
969410000 6777986000
0
