0 6
29
969123500 6777957500
969126000 6777951500
969128000 6777941500
969130000 6777934500
969130500 6777927000
969129500 6777921000
969129500 6777915000
969129500 6777909500
969131500 6777896000
969133500 6777887500
969136000 6777878000
969136000 6777868500
969135500 6777858500
969132000 6777853500
969121000 6777845000
969112000 6777840500
969106500 6777834500
969097500 6777827000
969092500 6777824000
969083000 6777821500
969072500 6777820500
969061000 6777820000
969048000 6777819000
969040000 6777822000
969031000 6777826000
969022000 6777827500
969014500 6777826500
969007000 6777825000
969001500 6777825500
0
