94
969835500 6778000500
969838000 6778023500
969836000 6778049500
969832500 6778068000
969826500 6778085500
969816500 6778102000
969800500 6778124000
969787000 6778145500
969775000 6778161000
969760500 6778179500
969744000 6778201500
969732000 6778225000
969723000 6778246500
969717000 6778270000
969713500 6778296000
969709000 6778325500
969704000 6778352500
969706000 6778373500
969712500 6778396500
969721000 6778411500
969734500 6778426500
969753000 6778441000
969807000 6778483000
969836500 6778504500
969853500 6778518000
969886000 6778555000
969912000 6778589500
969921500 6778603000
969925500 6778614500
969931000 6778649000
969935000 6778672500
969934500 6778694000
969930000 6778715500
969917500 6778753000
969891500 6778825000
969866500 6778895000
969852000 6778937000
969835500 6778958000
969815500 6778970000
969793500 6778977000
969769500 6778977500
969731500 6778967000
969722000 6778969000
969719500 6778975000
969719500 6778981500
969726500 6778987500
969743500 6778993000
969780000 6779001500
969797500 6779001500
969837500 6778996000
969856500 6778989000
969876000 6778975000
969921000 6778935500
969961500 6778902000
970041000 6778841000
970059000 6778824000
970081500 6778787000
970102000 6778754500
970109500 6778747500
970119500 6778747000
970128500 6778751500
970140000 6778767000
970156500 6778804000
970164000 6778820500
970173000 6778881000
970174500 6778905000
970170500 6778933500
970165000 6778961000
970151500 6778992000
970111000 6779069500
970080000 6779143000
970075500 6779157500
970076000 6779171500
970086000 6779205500
970091000 6779237000
970101500 6779274000
970113500 6779291500
970128500 6779303000
970148000 6779311000
970167500 6779314000
970204500 6779314000
970241500 6779309000
970285500 6779300500
970297000 6779299500
970319000 6779305500
970347500 6779319000
970359500 6779327000
970370500 6779343000
970385500 6779377500
970393000 6779385000
970410500 6779397000
970445500 6779414000
970475500 6779431000
970498000 6779436500
0
