0 6
37
969473000 6778682500
969477500 6778669000
969485000 6778657000
969494000 6778642000
969498500 6778629500
969504500 6778614500
969509500 6778599000
969514500 6778586000
969518500 6778573000
969523000 6778559000
969527000 6778552500
969535000 6778546500
969546500 6778544500
969561000 6778545000
969570500 6778546500
969577000 6778547000
969585500 6778549000
969596000 6778548000
969585000 6778548500
969581000 6778545000
969576500 6778539500
969571000 6778531000
969566500 6778520500
969561000 6778503500
969559000 6778494500
969557000 6778481000
969553500 6778467000
969548000 6778456500
969540500 6778450000
969525000 6778439500
969506000 6778427000
969494000 6778420500
969481500 6778414000
969469500 6778407500
969452500 6778399000
969440500 6778392500
969424500 6778385000
0
