0 6
36
970262000 6779167000
970255500 6779173500
970249500 6779177500
970240000 6779181000
970231500 6779186500
970222000 6779192000
970212500 6779195500
970206000 6779194000
970203500 6779186000
970200500 6779176500
970198000 6779162500
970199000 6779148500
970199500 6779135500
970199500 6779125500
970200000 6779102000
970200500 6779087500
970203500 6779077000
970206500 6779063500
970209000 6779054000
970213000 6779039500
970217500 6779021500
970220500 6779010500
970224500 6779001000
970226000 6778989000
970228000 6778977000
970230500 6778956000
970233500 6778937000
970238000 6778918000
970240500 6778904500
970241000 6778895500
970239000 6778885000
970234000 6778875500
970228000 6778867500
970217500 6778860500
970208000 6778856000
970196000 6778853000
0
