0 6
30
970576500 6778887000
970567000 6778890000
970556500 6778893500
970534500 6778897500
970516500 6778901000
970509000 6778904500
970497000 6778914000
970491000 6778918500
970482000 6778920000
970459000 6778920000
970446000 6778920500
970428500 6778922000
970413000 6778927500
970406500 6778931000
970395500 6778939500
970382500 6778952000
970374000 6778965000
970368000 6778979500
970361500 6779002000
970355500 6779016500
970351500 6779027500
970352500 6779038000
970353000 6779040500
970347500 6779039500
970340500 6779037000
970331500 6779037000
970324500 6779038000
970318500 6779041000
970312500 6779048500
970308000 6779054500
0
