0 6
54
970559000 6777682500
970559500 6777692000
970560000 6777706000
970559500 6777725000
970557000 6777732500
970554000 6777745500
970547500 6777760000
970545500 6777774000
970543500 6777787000
970541500 6777803000
970539500 6777813500
970536000 6777829500
970533000 6777842500
970531500 6777856000
970530000 6777868000
970529000 6777880500
970527500 6777896500
970526500 6777909000
970523000 6777924000
970516000 6777947500
970512000 6777961000
970506000 6777978500
970503000 6777990000
970501500 6778003000
970498000 6778017500
970494500 6778031500
970486500 6778045000
970476000 6778063500
970467500 6778079000
970462500 6778090500
970458500 6778103500
970454000 6778116500
970450000 6778134000
970450500 6778145500
970453000 6778155000
970455000 6778166500
970456000 6778176000
970451000 6778189500
970445500 6778198500
970442500 6778202000
970440500 6778211000
970441000 6778221000
970443000 6778234500
970443000 6778248000
970443000 6778261500
970441500 6778272500
970440000 6778287000
970438500 6778303500
970437000 6778319500
970437500 6778337500
970438000 6778349500
970440500 6778359500
970440000 6778371500
970435500 6778382000
0
