0 6
53
970090000 6778899500
970092500 6778893500
970094500 6778884500
970098000 6778869000
970101000 6778859500
970102500 6778849000
970105500 6778834000
970105500 6778825000
970103000 6778814500
970103000 6778805000
970099000 6778797500
970095000 6778791000
970092500 6778780500
970091000 6778770000
970090500 6778757000
970090500 6778745500
970089500 6778730000
970091000 6778719500
970091000 6778706000
970087000 6778697000
970080000 6778687000
970073500 6778676000
970070000 6778662500
970067000 6778653000
970065500 6778641500
970061500 6778629000
970059000 6778616000
970053000 6778594500
970046500 6778578000
970040000 6778566000
970032000 6778554500
970026500 6778542500
970022000 6778530500
970016000 6778518500
970008500 6778505000
970004000 6778491500
969996500 6778479500
969989000 6778462000
969983500 6778451000
969977500 6778438500
969975000 6778427500
969966000 6778411000
969954500 6778391500
969946000 6778369000
969946500 6778355000
969951000 6778337000
969952500 6778325000
969959000 6778319500
969965000 6778310500
969972000 6778301000
969978500 6778290000
969987000 6778281000
969994000 6778277500
0
