0 6
32
969477000 6779006000
969484000 6779016500
969487000 6779025000
969498500 6779039500
969503500 6779049000
969509000 6779064000
969514500 6779082500
969520500 6779104500
969527000 6779116000
969544500 6779141500
969555500 6779154000
969564500 6779170500
969574500 6779179000
969584500 6779184000
969594000 6779184500
969602000 6779181500
969606500 6779175000
969608500 6779164500
969608000 6779152000
969607000 6779140000
969609000 6779131000
969612000 6779120500
969621500 6779107000
969631000 6779092000
969646000 6779067500
969657500 6779049500
969671000 6779030500
969676000 6779016000
969682000 6778999000
969691500 6778988500
969705000 6778979500
969709000 6778978000
0
